ISS (ZARYA)             
1 25544U 98067A   21334.20198060  .00005166  00000+0  10287-3 0  9997
2 25544  51.6439 241.8464 0004246 258.8275 255.8336 15.48711439314320
AEROCUBE 12A            
1 43556U 18046C   21333.91642840  .00005170  00000+0  16957-3 0  9991
2 43556  51.6399  71.2729 0007597  39.6365 320.5171 15.33294941188654
AEROCUBE 12B            
1 43557U 18046D   21333.56348107  .00006361  00000+0  21119-3 0  9991
2 43557  51.6402  75.6182 0007634  37.1061 323.0447 15.32479938188518
LEMUR-2-VU              
1 43558U 18046E   21333.54203535  .00011209  00000+0  32193-3 0  9996
2 43558  51.6403  62.2957 0006575  44.8366 315.3148 15.36305396188734
LEMUR-2-ALEXANDER       
1 43559U 18046F   21333.30398680  .00011944  00000+0  33910-3 0  9991
2 43559  51.6407  62.2314 0006610  43.3584 316.7918 15.36599202188496
LEMUR-2-YUASA           
1 43560U 18046G   21334.10003772  .00010928  00000+0  31419-3 0  9990
2 43560  51.6412  60.0193 0006750  58.0685 302.0954 15.36299825188817
LEMUR-2-TOMHENDERSON    
1 43561U 18046H   21333.31307350  .00010284  00000+0  30130-3 0  9996
2 43561  51.6410  65.2374 0007094  52.2134 307.9490 15.35774592188234
ISS DEB (SEDA-AP)       
1 43870U 98067PU  21333.58538177  .00016056  00000+0  15713-3 0  9995
2 43870  51.6326 175.5555 0003459 214.3308 145.7465 15.66300683167477
ISS DEB                 
1 44303U 98067QA  21333.33954922  .00024370  00000+0  25540-3 0  9997
2 44303  51.6362 201.9361 0005924 145.2555 214.8828 15.64240320142375
ISS DEB                 
1 44306U 98067QD  21333.26538296  .00027448  00000+0  27285-3 0  9991
2 44306  51.6345 200.5543 0006910 145.1462 214.9987 15.65497562142390
RED-EYE 1 (PINOT)       
1 44364U 98067QJ  21333.63048248  .00018948  00000+0  20106-3 0  9999
2 44364  51.6375 201.6303 0007229 144.3349 215.8130 15.64092125137997
KRAKSAT                 
1 44427U 98067QM  21333.93595252  .00132309  00000+0  51935-3 0  9996
2 44427  51.6347 170.9515 0005248 195.0357 312.4701 15.86009508137535
RWASAT-1                
1 44790U 98067QV  21333.51552895  .00012510  00000+0  11951-3 0  9994
2 44790  51.6341 205.8512 0006777 180.4472 252.6551 15.67143919115269
AQT-D                   
1 44791U 98067QW  21334.13909094  .00036327  00000+0  32774-3 0  9999
2 44791  51.6343 202.7881 0007060 162.4582 197.6659 15.67759006115363
NARSSCUBE-1             
1 44792U 98067QX  21333.84545886  .00321536  52081-4  78504-3 0  9993
2 44792  51.6279 180.2503 0007327 211.3651 148.6921 15.95620875115630
STPSAT-4                
1 45043U 98067QY  21334.11100862  .00017180  00000+0  23092-3 0  9993
2 45043  51.6397 225.8208 0005590 161.1281 198.9920 15.57991003104299
HARP                    
1 45256U 98067QZ  21334.17401190  .00043111  00000+0  38647-3 0  9998
2 45256  51.6406 209.8418 0007137 170.4061 189.7073 15.67834692101182
1998-067RA              
1 45257U 98067RA  21334.09009901  .00033955  00000+0  34682-3 0  9994
2 45257  51.6352 213.6457 0007541 164.3462 195.7768 15.64690939101128
PHOENIX                 
1 45258U 98067RB  21333.89298314  .00026265  00000+0  29852-3 0  9999
2 45258  51.6369 218.3399 0006689 146.9565 213.1848 15.62106816101012
1998-067RC              
1 45259U 98067RC  21333.88288661  .00089687  00000+0  54579-3 0  9994
2 45259  51.6305 201.7064 0007592 174.2555 185.8534 15.76671734101260
AZTECHSAT-1             
1 45261U 98067RE  21333.85776056  .00629822  19517-3  10314-2 0  9990
2 45261  51.6218 187.0428 0008229 213.5847 146.4643 16.02583266101452
RADSAT-U                
1 45262U 98067RF  21333.40986019  .00042423  00000+0  41789-3 0  9994
2 45262  51.6405 215.9795 0005906 181.9324 178.1650 15.65509600101049
QARMAN                  
1 45263U 98067RG  21333.36948921  .00114286  00000+0  69007-3 0  9990
2 45263  51.6330 205.0232 0007771 167.3161 192.8036 15.76746490101203
SORTIE                  
1 45264U 98067RH  21333.20669169  .00019546  00000+0  25303-3 0  9992
2 45264  51.6396 227.3401 0007342 163.0658 197.0581 15.58883971100868
ICS-EF (ISS DEB)        
1 45265U 98067RJ  21333.42833451  .00009159  00000+0  14315-3 0  9994
2 45265  51.6398 234.7447 0005502 157.4826 202.6407 15.54562862100468
G-SAT                   
1 45597U 98067RK  21333.39005358  .00046671  00000+0  45496-3 0  9999
2 45597  51.6367 218.0158 0004079 185.7063 174.3887 15.65738568 90376
QUETZAL-1               
1 45598U 98067RL  21334.03183245  .00067304  00000+0  50506-3 0  9998
2 45598  51.6346 209.5230 0003811 171.3392 188.7672 15.71960946 90475
RED-EYE 2 (MERLOT)      
1 45800U 98067RM  21333.42370694  .00019166  00000+0  27024-3 0  9994
2 45800  51.6396 232.5193 0002092 140.3418 219.7727 15.56625701 82359
RED-EYE 3 (CABERNET)    
1 45809U 98067RN  21333.74416169  .00015342  00000+0  21794-3 0  9996
2 45809  51.6405 230.9102 0002525 138.4343 221.6841 15.56605301 81382
DEMI                    
1 45916U 98067RP  21334.14485933  .00059117  00000+0  49258-3 0  9998
2 45916  51.6379 213.3271 0004694 145.9285 214.2014 15.69501773 78647
SPOC                    
1 46921U 98067RR  21334.10617413  .00024934  00000+0  31182-3 0  9997
2 46921  51.6395 227.3491 0001128  81.9137 278.1984 15.59658104 60652
BOBCAT-1                
1 46922U 98067RS  21333.43046629  .00049330  00000+0  50321-3 0  9991
2 46922  51.6405 225.8698 0002318 115.8505 244.2729 15.64577777 60580
NEUTRON-1               
1 46923U 98067RT  21333.81514143  .00025134  00000+0  31611-3 0  9992
2 46923  51.6400 229.1546 0001615  83.6025 276.5152 15.59502991 60648
1998-067RU              
1 46924U 98067RU  21333.38125230  .00270167  00000+0  11572-2 0  9991
2 46924  51.6302 213.3673 0006299 166.4835 193.6338 15.83795394 60786
LEMUR-2-BAXTER-OLIVER   
1 46925U 98067RV  21333.83314777  .00430750  85166-4  10908-2 0  9997
2 46925  51.6397 207.4740 0006426 203.3722 156.6995 15.94915950 60869
LEMUR-2-DJARA           
1 46926U 98067RW  21334.05898621  .00184025  00000+0  83345-3 0  9994
2 46926  51.6381 210.5201 0003771 192.2147 167.8765 15.82864452 60852
DESCENT                 
1 46927U 98067RX  21333.43355817  .00028507  00000+0  35655-3 0  9994
2 46927  51.6401 231.1020 0002316  80.3304 279.7951 15.59575406 60492
ISS DEB                 
1 47853U 98067RZ  21334.15406339  .00004075  00000+0  77953-4 0  9991
2 47853  51.6427 240.3867 0002401   4.6377 355.4634 15.50510353 40965
RSP-01                  
1 47925U 98067SB  21333.46750117  .00031254  00000+0  42751-3 0  9996
2 47925  51.6406 238.0685 0000817 142.4426 217.6623 15.57139299 40431
TAUSAT-1                
1 47926U 98067SC  21333.89981184  .00038094  00000+0  47871-3 0  9991
2 47926  51.6392 234.1919 0000934 174.6487 185.4516 15.59302646 40519
TSURU                   
1 47927U 98067SD  21333.83304949  .00023928  00000+0  33785-3 0  9993
2 47927  51.6411 236.7596 0000565 154.1311 205.9709 15.56436278 40484
STARS-EC                
1 47928U 98067SE  21334.09471834  .00039211  00000+0  49184-3 0  9993
2 47928  51.6396 233.9956 0003843  54.1197 306.0153 15.59332007 40528
MMSATS-1                
1 47976U 98067SJ  21333.93847095  .00007466  00000+0  13011-3 0  9991
2 47976  51.6453 240.4173 0001990  17.2806 342.8253 15.51822379 39229
TIANHE                  
1 48274U 21035A   21334.10387874  .00010041  00000+0  11664-3 0  9993
2 48274  41.4715 351.6156 0002874 105.5241 355.4614 15.61732378 33642
TIANZHOU-2              
1 48803U 21046A   21332.51369606  .00009128  00000+0  10655-3 0  9992
2 48803  41.4713   1.3055 0002967  83.0075  65.9993 15.61695898 33393
RAMSAT                  
1 48850U 98067SL  21333.47613174  .00019063  00000+0  30518-3 0  9998
2 48850  51.6410 242.5913 0004528  54.1102 306.0308 15.53135726 26121
SOAR                    
1 48851U 98067SM  21334.02514946  .00063414  00000+0  71291-3 0  9990
2 48851  51.6368 235.7338 0004848  96.0318 264.1229 15.61978603 26302
BD-28                   
1 48867U 98067SN  21333.83929647  .00017730  00000+0  27935-3 0  9999
2 48867  51.6403 240.5175 0004209  86.9615 273.1857 15.53634942 24931
MIR-SAT 1               
1 48868U 98067SP  21333.73214613  .00043134  00000+0  58814-3 0  9996
2 48868  51.6393 239.8019 0003917  89.1045 271.0396 15.57063201 24961
ISS (NAUKA)             
1 49044U 21066A   21332.52730935  .00007275  00000+0  14154-3 0  9999
2 49044  51.6436 250.1268 0004444 253.3057 278.3644 15.48699150314069
CYGNUS NG-16            
1 49064U 21072A   21334.19076082  .00001284  00000+0  48048-4 0  9993
2 49064  51.6442 242.8366 0006252 355.1866   4.9056 15.35192252 17240
SOYUZ-MS 19             
1 49269U 21089A   21332.52730935  .00007275  00000+0  14154-3 0  9993
2 49269  51.6436 250.1268 0004444 253.3057 278.3644 15.48699150314068
FREGAT DEB              
1 49271U 11037PF  21328.22715152  .00009509  00000+0  74519-1 0  9995
2 49271  51.5296  63.9118 0822256 354.9379   4.3503 11.66941060 22942
BINAR-1                 
1 49272U 98067SR  21333.91388644  .00017030  00000+0  28964-3 0  9991
2 49272  51.6413 242.5035 0003202 294.6939  65.3717 15.51531014  8559
MAYA-3                  
1 49273U 98067SS  21333.84428231  .00021618  00000+0  36108-3 0  9997
2 49273  51.6411 242.7894 0002775 287.0785  72.9901 15.51865658  8544
MAYA-4                  
1 49274U 98067ST  21334.10338405  .00021343  00000+0  35712-3 0  9996
2 49274  51.6414 241.5191 0002743 286.4620  73.6068 15.51824301  8587
CUAVA-1                 
1 49275U 98067SU  21334.19249304  .00017890  00000+0  30028-3 0  9992
2 49275  51.6429 241.0370 0002767 297.7867 217.0000 15.51863922  8540
CAPSAT                  
1 49276U 98067SV  21333.93307584  .00018250  00000+0  31504-3 0  9990
2 49276  51.6411 242.6285 0003667 312.1242  47.9435 15.51054957  7612
1998-067SW              
1 49277U 98067SW  21333.47830102  .00021884  00000+0  37376-3 0  9997
2 49277  51.6405 244.8404 0004126 302.9327  57.1265 15.51226182  7519
1998-067SX              
1 49278U 98067SX  21333.38436877  .00047014  00000+0  73955-3 0  9995
2 49278  51.6400 244.9644 0002375 281.6775  78.3948 15.53127392  7525
SHENZHOU-13 (SZ-13)     
1 49326U 21092A   21332.51369606  .00009128  00000+0  10655-3 0  9994
2 49326  41.4713   1.3055 0002967  83.0075  65.9993 15.61695898 33394
PROGRESS-MS 18          
1 49379U 21098A   21332.52730935  .00007275  00000+0  14154-3 0  9995
2 49379  51.6436 250.1268 0004444 253.3057 278.3644 15.48699150314060
CREW DRAGON 3           
1 49407U 21103A   21332.52730935  .00007275  00000+0  14154-3 0  9994
2 49407  51.6436 250.1268 0004444 253.3057 278.3644 15.48699150314062
ISS (PRICHAL)           
1 49499U 21111A   21332.52730935  .00007275  00000+0  14154-3 0  9994
2 49499  51.6436 250.1268 0004444 253.3057 278.3644 15.48699150314063
